0.03
0.0947525
0.0968159
0.0979402
0.0967332
0.0974251
0.0978037
0.0974322
0.097578
0.0972142
0.0976823
0.097911
0.0980683
0.0982936
0.0986938
0.0986342
0.0985322
0.0985597
0.0987785
0.0987796
0.0988256
0.0988529
0.0987915
0.0986615
0.0987422
0.0985726
0.0984967
0.0984265
0.0982149
0.098142
0.0982606
0.0982844
0.0983911
0.0984641
0.0983534
0.0983862
0.0982505
0.0982518
0.098232
0.0981594
0.0983029
0.0983589
0.0983028
0.098319
0.0982981
0.0983648
0.0984438
0.0984961
0.0985732
0.098533
0.0985303
0.0986865
0.0986599
0.0987116
0.0987984
0.0989147
0.0988716
0.0987441
0.0987933
0.0987934
0.0987952
0.0987314
0.0986938
0.0987367
0.098683
0.0985971
0.0985926
0.0985241
0.0985811
0.0986103
0.0985902
0.098627
0.0986932
0.0986618
0.0986502
0.0986948
0.0986725
0.0987586
0.0988258
0.0988596
0.0988401
0.0987927
0.0987794
0.0988531
0.0988501
0.0988366
0.0988559
0.098853
0.0989024
0.098899
0.0989001
0.0989331
0.0989121
0.0990119
0.098981
0.0990096
0.099073
0.0990475
0.0990858
0.0990314
0.0990671
0.0990447
0.0990432
0.0990593
0.0990511
0.0991029
0.0990907
0.099058
0.099064
0.0990634
0.0990701
0.0990686
0.0990778
0.0991116
0.0990667
0.099041
0.0990423
0.099065
0.0990636
0.0991001
0.0990651
0.099053
0.0990984
0.0990871
0.0990912
0.0990969
0.0991104
0.099089
0.0991548
0.0991644
0.0991562
0.0991886
0.0991902
0.0992091
0.0992008
0.0992378
0.0992479
0.0992723
0.0992689
0.0992706
0.0992865
0.0992993
0.0993169
0.0993084
0.0993209
0.0992987
0.0992822
0.0992796
0.0992615
0.0992316
0.0992241
0.0991967
0.099204
0.0991576
0.0991546
0.0991678
0.0991321
0.0991306
0.0991247
0.0991145
0.0991007
0.0990907
0.0990791
0.0990706
0.0990403
0.0990231
0.099035
0.0990641
0.0990453
0.0990504
0.0990053
0.0990205
0.0990175
0.099033
0.0990202
0.0990332
0.0990228
0.0990464
0.0990416
0.0990313
0.0990323
0.0990161
0.0990121
0.0990066
0.0990039
0.0990071
0.0990264
0.0990321
0.0990399
0.0990223
0.0990422
0.099054
0.0990865
0.0990757
0.0990619
0.0990359
0.0990358
0.0990544
0.0990612
0.0990553
0.0990565
