403 -95 434 599.825
-407 259 356 599.555
186 564 80 599.243
219 -240 503 598.807
498 228 -242 598.792
485 195 292 598.76
-459 73 377 598.447
-586 -120 18 598.431
-20 -244 546 598.374
-333 -313 386 598.209
166 -255 -515 598.169
482 -183 -303 598.015
-55 481 -351 597.986
482 -78 345 597.857
-424 -277 316 596.96
266 -127 -519 596.863
387 -81 447 596.774
-485 -28 346 596.427
411 -233 364 596.411
-232 -410 365 595.944
-560 122 -163 595.863
-451 -381 77 595.391
562 -19 -195 595.172
410 200 382 594.999
73 -509 -299 594.82
-590 -70 22 594.545
312 -502 -62 594.3
-23 -307 508 594.005
200 271 -489 593.769
579 -125 39 593.622
36 534 -256 593.286
117 541 -213 593.076
-517 -16 290 592.997
368 64 460 592.554
53 502 309 591.856
-477 -219 -273 591.624
-50 -447 -384 591.409
-530 260 -33 591.26
-275 -217 -476 591.008
-203 555 6 590.991
-341 169 -452 590.886
8 -459 -372 590.871
-56 -533 248 590.533
100 -117 -570 590.414
43 -278 -519 590.334
39 -123 -576 590.276
126 -566 109 590.011
-481 39 -339 589.748
-91 -578 73 589.656
551 166 -128 589.526
242 172 -509 589.261
398 413 135 589.235
-169 346 446 589.231
-456 98 360 589.186
-318 270 -416 589.135
-152 -121 -556 588.966
-125 -308 486 588.8
-423 -61 405 588.791
255 264 -460 588.49
184 -373 416 588.253
-551 -141 -150 588.202
83 534 -232 588.106
270 -277 -442 587.361
-343 -125 -460 587.26
-35 4 586 587.058
-328 -453 -178 586.922
-539 89 214 586.718
-9 356 466 586.492
-223 542 -16 586.301
318 -377 -317 586.295
-73 -313 490 586.002
-326 -210 -439 585.745
3 -91 -578 585.127
238 -449 290 585.103
-455 -82 358 584.733
-90 116 -566 584.732
-455 339 -141 584.66
201 205 509 584.386
2 575 -103 584.156
-158 -39 -561 584.128
-464 333 -122 584.011
-9 571 -122 583.957
-529 238 -64 583.593
-149 -520 -219 583.577
223 231 -487 583.317
-199 531 136 583.145
503 -70 285 582.352
457 -339 122 581.94
-353 196 -419 581.881
272 -459 232 581.798
327 454 159 581.658
-168 -123 -543 581.551
-153 58 558 581.495
-529 -240 -18 581.176
39 320 483 580.698
41 -564 132 580.69
84 199 539 580.67
140 -558 -78 580.558
216 397 364 580.311
350 -40 -461 580.19
-97 261 509 580.182
203 -214 -499 579.66
-221 -281 -456 579.429
530 211 100 579.155
-476 -69 322 578.81
133 -437 355 578.518
-176 -468 291 578.516
-435 335 182 578.424
289 -233 -443 577.978
-310 -433 223 577.337
-566 105 -44 577.336
197 -405 -361 577.196
180 133 532 577.159
319 477 -61 577.071
-518 -163 -195 576.99
488 -307 22 576.955
-537 202 60 576.865
115 -565 -16 576.807
-268 266 436 576.781
234 -510 -128 575.535
62 -547 167 575.276
481 184 -256 575.111
219 437 -303 575.099
455 96 -338 574.878
510 -211 -160 574.649
207 -507 -174 574.608
79 279 496 574.542
-342 -265 -378 574.52
246 217 471 573.974
508 -106 244 573.442
52 409 -398 573.052
328 124 453 572.86
-521 225 -78 572.844
-470 -140 -296 572.814
166 -456 304 572.633
415 -229 321 572.457
90 61 -562 572.42
-422 -386 20 572.259
-523 109 204 571.862
-230 522 -34 571.437
-408 -5 400 571.392
83 -375 423 571.352
527 39 -217 571.261
-47 -231 -520 570.938
-227 -519 -67 570.42
-129 552 63 570.363
-38 385 -419 570.289
213 -296 -438 569.938
512 236 83 569.85
-167 408 -361 569.802
-167 534 -106 569.457
421 383 5 569.17
45 -378 -423 569.068
284 -76 487 568.859
-6 443 -356 568.349
556 55 101 567.769
-353 251 367 567.714
-128 -550 -57 567.568
312 -178 439 567.229
-124 -533 148 566.894
169 -349 -413 566.508
-445 89 339 566.451
359 -175 401 565.957
129 -506 218 565.863
-49 523 -210 565.712
-259 -218 -453 565.521
-439 -293 -202 565.132
-272 18 495 565.096
-270 438 -233 564.83
-551 117 39 564.633
249 -219 457 564.633
-306 89 466 564.547
456 -193 -271 564.47
309 -459 109 563.953
278 -477 114 563.745
344 -319 312 563.419
230 441 -264 563.096
20 -535 -174 562.94
343 -307 -324 562.916
109 -388 -393 562.916
230 233 -457 562.173
-398 -204 -339 561.196
-446 -33 -339 561.183
-292 -203 -434 561.096
260 -13 497 561.051
383 -394 -113 560.976
-65 -380 407 560.601
-394 -231 325 560.555
454 328 19 560.411
-398 34 -393 560.365
104 -178 521 560.304
396 356 -174 560.204
-368 -311 -285 559.795
495 104 239 559.43
-527 166 -85 559.026
421 347 121 558.83
-349 300 -317 558.829
344 353 -263 558.672
-43 -468 -302 558.639
-369 -352 -227 558.206
530 55 -166 558.105
-170 523 95 558.081
376 216 351 557.883
-480 -119 -258 557.786
127 518 -163 557.693
407 322 203 557.263
451 57 322 557.076
165 466 256 556.702
250 130 -480 556.597
-304 -418 206 556.396
501 54 235 556.005
53 329 -445 555.945
-549 66 -57 555.883
-189 27 522 555.818
-329 -72 -442 555.688
-310 -201 415 555.631
-81 -463 -295 554.937
330 132 -426 554.797
83 489 -248 554.539
425 63 350 554.161
-534 108 100 553.913
-367 -413 38 553.807
-450 86 -311 553.73
-172 -426 309 553.661
331 -27 -443 553.66
451 320 -16 553.224
148 -529 62 552.801
284 -201 -429 552.357
295 -99 456 552.053
-315 -96 443 551.987
-106 -534 -91 551.972
317 382 -241 551.81
384 -176 -355 551.776
5 -530 -153 551.665
190 472 213 551.591
-28 205 -511 551.298
410 132 344 551.235
-44 -38 548 551.075
-529 62 141 550.968
309 -455 -17 550.268
416 205 295 549.642
-404 -325 182 549.513
275 117 -461 549.395
-114 -534 57 549
452 46 308 548.893
140 506 160 548.85
-419 256 245 548.746
530 -130 52 548.182
6 548 -6 548.066
446 28 -316 547.317
232 456 193 546.817
-342 291 311 546.229
193 -510 -31 546.178
334 228 -367 546.103
-481 228 122 546.103
34 -244 -487 545.766
494 -35 229 545.621
-158 -132 505 545.356
-106 -469 257 545.203
0 -262 478 545.094
-72 386 -378 545.036
395 257 -273 544.613
-321 -420 -131 544.612
-408 -356 56 544.367
-513 -157 -92 544.318
-104 525 -97 543.921
107 479 -234 543.733
-21 531 -115 543.716
-194 268 431 543.342
-360 -161 373 542.817
9 -484 -245 542.551
-303 446 56 542.089
40 373 391 541.858
-63 -505 -186 541.839
-15 -42 540 541.839
-124 526 29 541.196
-530 108 18 541.191
69 283 456 541.097
-327 -377 207 540.284
91 156 509 540.091
-418 -302 -159 539.638
-388 150 343 539.16
393 334 -157 539.123
-454 20 290 539.088
-484 -75 -225 538.986
320 -102 421 538.558
-409 -348 35 538.154
-505 143 -118 537.957
497 174 108 537.54
178 504 -57 537.54
-439 -276 141 537.381
446 -289 79 537.288
6 67 -533 537.228
254 -101 -462 536.806
-293 46 -447 536.446
-227 334 353 536.371
-267 96 -455 536.218
-500 192 25 536.18
80 -261 -461 535.763
263 -315 344 535.472
-434 -313 12 535.228
123 61 517 534.92
-341 409 46 534.489
-150 -512 -26 534.154
-474 -118 216 534.094
-68 529 -26 533.986
509 -2 -160 533.559
-191 287 407 533.384
81 -35 -526 533.35
-420 -287 160 533.263
-121 -120 -505 532.978
325 -420 -44 532.88
-13 -157 509 532.822
-386 366 -30 532.778
-142 356 -370 532.729
-85 388 -355 532.723
-481 -205 100 532.34
213 -437 216 531.972
281 -382 -241 531.945
-314 240 356 531.914
-301 350 264 531.787
-409 -111 321 531.642
-161 385 -329 531.401
315 -283 321 531.371
503 -125 115 530.904
513 -53 -126 530.899
-7 -84 524 530.736
192 387 308 530.563
504 -98 -133 530.386
380 305 -209 530.194
491 -68 188 530.141
-380 -19 369 530.021
160 329 383 529.651
36 486 207 529.472
-470 -100 -222 529.324
-29 -280 -448 529.098
230 114 -462 528.526
370 365 -93 527.991
-429 301 -63 527.836
-89 -125 505 527.798
377 -168 328 527.197
-381 348 -107 526.986
351 -242 309 526.542
-107 515 -2 526.002
402 227 -252 525.963
256 459 12 525.701
-290 -274 342 525.49
215 -435 -200 524.833
-429 -286 98 524.825
437 -69 -282 524.647
-304 357 -235 524.49
-246 -463 -13 524.456
-137 35 -505 524.423
-154 184 -466 524.145
441 -281 30 523.777
-248 354 295 523.302
380 -278 228 523.133
-366 -171 -332 522.897
-364 244 285 522.74
-44 -459 -246 522.621
362 255 277 522.301
-285 210 384 522.284
-3 -509 117 522.282
-286 -210 -382 521.364
222 -468 59 521.334
-166 202 -451 521.307
513 92 6 521.219
377 342 -109 520.552
-369 7 -367 520.48
160 405 285 520.432
-256 3 -453 520.34
-102 417 -294 520.316
-323 -223 -341 519.941
-486 45 -179 519.867
-389 324 118 519.828
-403 250 211 519.066
67 440 267 519.016
-307 -414 -58 518.661
-74 -136 -495 518.649
-274 -404 175 518.572
55 -214 -469 518.442
383 314 152 518.063
-338 106 378 518.039
434 277 57 518.01
3 -426 293 517.044
167 435 224 517.001
-333 276 281 515.777
-506 38 88 514.999
469 149 -151 514.746
254 -223 388 514.577
104 -136 -485 514.332
-93 -336 378 514.227
-21 -316 -405 514.123
45 248 -448 514.036
-513 -24 -6 513.596
-461 219 -57 513.547
251 -155 420 513.25
-69 508 -17 512.946
-284 204 -375 512.735
-167 -320 364 512.626
388 -256 -216 512.578
-171 -479 -62 512.373
-92 256 434 512.207
-345 247 286 511.693
510 23 31 511.459
407 235 200 510.758
-69 133 -488 510.484
-257 440 -29 510.382
370 -348 -49 510.299
-399 244 -204 510.248
-169 -398 270 509.77
441 -225 -121 509.654
476 180 -27 509.613
-127 491 -48 509.425
132 -453 192 509.408
-130 -392 -298 509.282
-204 436 -165 508.859
339 -307 223 508.821
350 -336 -153 508.729
392 45 321 508.655
244 -119 430 508.524
-354 153 -330 507.568
-271 -27 -428 507.301
336 374 66 507.078
-467 -186 63 506.61
-425 -242 132 506.57
-345 -343 -141 506.513
172 211 427 506.393
259 414 -134 506.392
414 10 -291 506.139
-70 299 401 505.076
-261 -376 -213 504.843
75 -230 443 504.751
46 481 145 504.482
-137 -79 -479 504.431
-473 125 122 504.22
-270 351 -241 504.165
202 26 -461 503.985
-18 -497 -78 503.405
27 193 464 503.263
331 -370 80 502.853
197 -262 381 502.607
-454 -111 183 501.922
-450 -96 200 501.713
-108 -304 383 500.768
-884 -15 168 899.947
192 -826 -301 899.856
570 -423 -553 899.799
16 767 470 899.692
-549 670 -243 899.639
-686 244 -528 899.398
552 -583 405 899.232
-485 -364 664 899.231
-147 884 74 899.189
-427 367 701 899.121
-719 208 -498 899.016
662 608 1 898.838
-263 -843 167 898.725
-865 103 -221 898.707
-232 829 -258 898.682
-156 352 -812 898.657
150 84 -882 898.599
-219 -348 799 898.591
-661 552 256 898.421
72 -883 149 898.373
3 817 373 898.124
-844 58 301 897.943
653 600 -141 897.937
-713 539 84 897.745
374 -814 -57 897.62
695 -310 476 897.608
-841 313 17 897.518
187 -555 680 897.437
-355 123 815 897.429
-836 37 -324 897.352
226 -204 844 897.234
-799 383 -141 897.202
-175 373 -797 897.197
870 208 69 897.176
-69 894 29 897.128
-6 -174 880 897.057
421 772 177 896.969
-232 -176 848 896.607
-328 694 -463 896.431
237 -535 679 896.345
-13 -860 -252 896.255
354 -817 -102 896.219
-198 -378 788 896.121
704 175 526 896.056
-507 142 725 896.012
-307 824 -172 895.996
388 -805 65 895.988
826 -340 68 895.824
-609 129 -644 895.689
-709 187 -514 895.459
-424 624 -482 895.252
662 -313 515 895.231
152 -703 -533 895.211
-171 -142 -867 895.039
609 152 638 895.002
4 -870 210 894.995
804 -118 -375 894.966
-752 469 124 894.897
570 429 -540 894.73
791 405 -104 894.719
368 -699 -420 894.665
103 -834 307 894.659
-227 474 724 894.64
-156 208 856 894.615
-290 388 752 894.51
-77 -289 -843 894.483
60 107 886 894.452
-524 -211 -693 894.062
797 132 383 894.048
429 771 144 893.99
778 28 439 893.75
-246 -397 762 893.739
-621 -30 642 893.703
-377 691 423 893.61
18 366 815 893.591
-210 534 -685 893.578
793 -354 210 893.457
-881 -146 26 893.394
-444 720 -287 893.255
836 -192 249 893.175
-174 268 -834 893.116
-498 740 -45 893.101
564 -638 -269 893.029
-859 -243 23 893.006
-67 424 783 892.947
-448 641 -431 892.942
814 -185 -317 892.922
-540 514 491 892.68
-700 -457 -313 892.647
-571 -661 184 892.647
-3 883 -130 892.523
650 588 167 892.263
-342 -395 723 892.03
-139 880 -43 891.947
441 701 -331 891.876
-584 587 331 891.732
61 884 -99 891.615
-60 -664 592 891.605
-735 500 66 891.393
-208 -745 443 891.369
808 122 356 891.338
297 110 833 891.178
-500 281 -682 891.114
708 541 8 891.072
-124 -282 -836 890.952
132 -836 278 890.845
-120 860 199 890.843
434 407 -663 890.828
-753 240 411 890.803
-274 -274 802 890.705
162 -56 -874 890.649
-47 -378 -805 890.572
14 483 -748 890.499
-707 95 533 890.485
796 -348 195 890.362
-235 712 480 890.263
342 36 -821 890.113
-362 -687 -435 890.078
-421 632 -464 889.922
346 -808 138 889.733
187 868 -54 889.555
564 -298 620 889.55
-360 590 -560 889.55
712 532 -34 889.452
441 204 745 889.45
-381 410 -691 889.237
803 -72 -375 889.167
-836 -182 -242 889.148
695 321 452 889.028
-313 9 832 888.974
-626 101 -623 888.935
-294 -694 -471 888.771
787 291 293 888.763
472 87 -748 888.739
454 -644 -411 888.692
-297 -782 300 888.669
-234 825 -233 888.634
200 -690 523 888.611
744 -300 -382 888.516
179 -277 -825 888.479
-58 872 -160 888.453
338 -410 -712 888.419
-116 -880 -34 888.263
-277 -56 -842 888.16
482 -469 580 888.079
228 -781 356 888.077
-670 454 -365 887.829
-345 -276 -770 887.751
-315 -779 286 887.616
490 579 461 887.616
702 -348 417 887.579
557 191 664 887.483
-431 -764 134 887.363
447 538 546 887.338
-732 -150 -478 887.022
-876 -138 -19 887.007
-36 -573 -676 886.905
258 -105 842 886.878
662 546 -224 886.869
-714 467 -242 886.82
-746 -222 425 886.806
-695 -198 -514 886.806
613 444 462 886.763
-517 700 170 886.673
-299 -601 -579 886.478
-833 303 1 886.397
-30 -820 335 886.298
244 768 369 886.296
-778 421 54 886.251
527 60 -710 886.244
527 -392 -595 886.238
-472 -746 78 886.219
-522 -577 -424 886.109
84 857 -209 886.107
377 754 -273 886.1
-84 -119 874 886.055
308 257 -790 886.01
-282 -626 -560 886.002
-125 -544 688 885.949
459 -427 626 885.938
486 182 718 885.914
828 35 -313 885.877
-506 178 705 885.858
232 -836 -178 885.666
707 -372 -382 885.526
-214 670 -538 885.517
-825 70 -314 885.506
54 -751 -466 885.479
56 -203 -860 885.407
360 -787 -187 885.403
18 -385 797 885.301
671 40 -576 885.221
-880 -13 -95 885.208
167 -695 -522 885.098
266 -832 142 884.954
880 50 -79 884.953
169 548 -674 884.953
-184 -505 703 884.924
395 404 681 884.874
-350 -808 87 884.835
-721 471 203 884.811
181 -657 -564 884.594
668 -510 -276 884.59
540 573 -403 884.499
-469 -623 417 884.296
202 -676 533 884.234
-690 -283 475 884.202
-301 -820 -135 883.87
789 392 -71 883.87
-7 396 -790 883.722
-266 236 809 883.704
-744 -470 -80 883.649
390 -574 547 883.62
437 637 429 883.617
-511 517 502 883.41
708 190 493 883.41
-467 241 710 883.329
-742 -262 401 883.181
92 877 -49 883.173
-430 60 -769 883.097
-213 -849 -116 882.964
-881 -18 56 882.961
-6 642 606 882.857
-395 540 576 882.837
-739 -119 -468 882.783
-428 363 -681 882.448
514 57 715 882.423
-222 92 -849 882.354
577 440 -502 882.345
-644 -498 -340 882.236
-611 564 -294 881.96
-571 -199 642 881.933
-484 -322 -663 881.765
542 -687 -107 881.579
-668 -306 -487 881.492
484 -722 -146 881.394
859 71 183 881.142
403 -391 679 881.096
-249 659 529 880.978
-320 712 408 880.8
-310 -366 738 880.17
679 -397 -395 880.156
-130 -716 -495 880.103
337 -809 -80 880.028
773 -370 -200 880.016
-205 -844 -141 879.91
-581 519 409 879.888
-562 -490 467 879.791
-822 -181 -256 879.762
-142 -186 -848 879.695
381 -670 424 879.68
-726 289 404 879.666
-462 178 -727 879.578
-526 178 682 879.479
-624 602 -147 879.425
-373 -789 -107 879.26
-513 -300 -648 879.246
796 334 -167 879.239
-612 -79 626 879.011
-227 669 -523 878.987
24 175 -861 878.932
-739 -376 291 878.737
104 -825 -284 878.69
122 719 -490 878.604
-828 -292 28 878.426
-425 -676 366 878.383
738 -175 -443 878.361
-582 -263 -603 878.352
256 174 822 878.348
683 497 240 878.122
397 437 -650 878.11
-325 -741 341 878.059
-484 683 -265 878.049
16 -877 -39 878.013
266 -649 -528 877.919
-408 -715 305 877.903
-694 -70 533 877.852
211 -8 -852 877.775
420 467 613 877.643
467 -463 -581 877.507
365 518 607 877.495
660 502 -287 877.481
671 -388 411 877.329
-62 -740 467 877.23
554 573 366 877.041
-207 -111 -845 877.038
-832 182 209 876.943
634 521 -309 876.857
388 -432 -657 876.822
-279 570 605 876.793
184 -256 818 876.65
-602 637 -16 876.601
-159 804 311 876.595
-339 504 632 876.562
735 227 -420 876.444
787 -85 -376 876.339
-809 201 -270 876.232
-417 605 -477 876.038
-587 313 -570 876.035
262 99 830 875.982
-598 -3 -640 875.907
305 -146 -808 875.902
-706 38 -517 875.882
824 -33 295 875.837
-616 345 -518 875.674
-528 633 295 875.499
-847 57 -214 875.474
524 245 657 875.357
653 350 -466 875.251
-144 -708 -494 875.235
122 242 832 875.027
724 -329 -365 875.01
-598 -309 -559 874.966
157 -809 -293 874.631
369 -363 -705 874.617
-749 362 -270 874.611
837 -58 -247 874.61
-318 -104 -808 874.531
515 189 681 874.475
-110 865 65 874.385
-491 665 -285 874.375
750 -240 380 874.357
95 405 -769 874.306
270 -794 -247 874.268
-303 398 717 874.244
484 509 -520 873.92
-307 462 -675 873.681
442 241 -714 873.637
291 786 246 873.495
-539 -550 412 873.364
-315 484 -655 873.216
-758 0 433 872.956
-207 754 388 872.874
-219 577 -617 872.685
-766 -29 417 872.632
-676 -549 54 872.521
-346 -149 787 872.517
100 311 -809 872.469
360 -655 -450 872.425
-337 -651 473 872.41
-398 -586 -509 872.285
46 496 -716 872.232
-648 -130 -569 872.104
489 517 504 872.024
-205 -367 764 872.015
-832 204 163 872.014
593 639 18 871.948
-754 -390 -199 871.904
-647 425 -401 871.8
633 364 476 871.643
250 -808 -210 871.472
518 672 198 871.27
639 592 -16 871.23
-308 -372 725 871.133
0 -342 -801 870.956
-451 7 -745 870.905
785 -377 6 870.856
-682 -502 -203 870.826
-707 -111 496 870.739
378 -559 -550 870.554
18 -864 -105 870.543
-155 843 -152 870.504
-298 -805 144 870.382
810 304 94 870.26
734 -347 313 870.134
-696 -522 13 870.097
454 736 96 870.074
-666 -544 132 870.009
-467 -132 -722 869.941
301 176 797 869.935
-791 -305 -195 869.903
624 -604 -49 869.824
392 760 -159 869.796
519 230 659 869.794
-598 -548 -314 869.772
-412 766 1 869.771
680 -365 -401 869.728
-60 -53 866 869.693
725 309 -367 869.365
-672 357 -420 869.156
163 791 321 869.075
508 613 348 868.871
-440 435 610 868.864
-31 -868 -20 868.784
391 -283 -722 868.478
271 -115 817 868.421
88 -821 269 868.416
-543 295 -610 868.317
736 -409 -212 868.286
-132 -16 858 868.242
-750 -431 74 868.18
76 -567 -653 868.144
-242 748 368 868.039
666 505 -234 867.95
6 -841 -214 867.821
-410 334 -688 867.756
-545 634 -232 867.643
134 -579 -632 867.537
838 32 -222 867.498
-20 -835 234 867.399
-276 719 -399 867.374
513 -392 -579 867.222
-44 595 629 866.95
-572 650 -43 866.91
-491 687 -196 866.871
124 816 -265 866.866
91 -345 790 866.837
230 832 -79 866.813
29 -675 -543 866.784
231 -188 814 866.776
307 536 608 866.723
-720 277 -395 866.691
-384 78 773 866.642
145 -590 -618 866.631
-186 -836 -132 866.554
-406 -524 -558 866.473
283 727 -377 866.457
765 171 -369 866.387
-513 459 -526 866.329
635 -588 -38 866.264
380 127 -768 866.229
-330 -635 -488 866.181
-793 -70 -341 866.043
-105 518 -686 865.994
-556 -120 -653 865.994
-848 -28 -173 865.92
-458 -399 -617 865.826
-291 349 737 865.824
-766 111 -388 865.807
298 810 68 865.753
780 32 -374 865.621
647 186 544 865.529
-798 -10 335 865.522
345 787 100 865.098
325 -327 -732 865.088
-810 302 28 864.921
-214 732 -408 864.919
-590 -509 -375 864.758
-296 -806 102 864.671
-400 -310 701 864.581
-663 552 -56 864.528
683 516 121 864.515
369 290 726 864.487
-552 -390 -539 864.48
-672 -290 -460 864.456
458 -148 -718 864.403
206 525 655 864.341
90 -531 676 864.313
226 798 -243 864.251
572 -461 455 864.135
-681 378 -374 864.014
-752 336 261 864.014
317 286 751 863.878
139 335 784 863.83
-152 -210 -824 863.817
-844 176 51 863.663
-400 -273 715 863.57
287 -142 802 863.561
-321 711 370 863.401
-423 717 229 863.4
-468 123 -715 863.353
-224 -796 -248 863.305
-785 -359 -9 863.242
662 -426 -354 863.155
-222 -701 452 863.127
-226 833 -3 863.119
-220 304 777 862.87
99 -245 -821 862.477
-346 790 -3 862.453
-201 600 -586 862.437
-485 -419 577 862.389
493 360 -609 862.282
412 726 216 862.251
-46 -519 -687 862.233
158 -650 544 862.206
-234 -656 508 862.065
169 273 800 862.027
815 64 273 861.887
-296 -147 796 861.882
-119 -576 630 861.88
351 769 -168 861.85
-453 143 719 861.753
-541 585 -328 861.679
801 221 -228 861.641
415 -103 748 861.59
475 -709 118 861.528
-532 531 -421 861.525
-63 -604 611 861.456
429 -515 -541 861.363
-590 -480 404 861.229
-543 -375 553 860.978
-467 -723 20 860.94
449 662 318 860.796
-71 432 741 860.666
-151 508 -678 860.552
419 749 63 860.541
464 724 -28 860.381
-667 332 -430 860.24
-716 -473 55 859.89
-426 554 501 859.88
-428 -702 -251 859.645
622 363 469 859.427
-740 432 65 859.331
-553 642 -143 859.315
-483 -703 -102 859.012
-854 -43 -82 859.005
-332 784 114 858.997
396 57 -760 858.874
-811 272 -77 858.856
-716 -164 445 858.823
-417 511 -550 858.784
146 -836 -131 858.704
-380 -627 -447 858.684
-824 238 -40 858.615
530 -261 -623 858.574
-322 233 761 858.542
-798 -185 -257 858.532
-653 503 240 858.497
-394 214 732 858.403
85 4 854 858.229
-379 -117 761 858.167
-831 -108 185 858.167
584 315 -544 858.031
-641 268 -503 857.738
-318 -486 631 857.602
805 -29 -294 857.497
352 -778 -78 857.48
-502 619 316 857.334
-134 -773 345 857.036
777 307 191 857.006
632 -555 -162 856.559
126 -20 -847 856.554
101 250 813 856.545
-248 786 233 856.498
-489 -662 237 856.466
-18 840 165 856.241
-289 368 717 856.174
237 -144 -810 856.157
852 16 -81 855.991
341 672 -406 855.98
410 -186 -728 855.967
-825 210 -89 855.947
770 120 354 855.93
357 33 -777 855.726
508 -125 -677 855.581
509 -526 -443 855.573
-400 -754 -57 855.433
-805 207 202 855.382
208 600 -573 855.332
-6 286 -806 855.259
146 687 488 855.236
-22 -159 -840 855.199
229 -193 801 855.156
91 102 844 854.998
-414 397 634 854.963
179 -323 -771 854.875
648 -556 41 854.822
-2 -797 -309 854.806
-582 -3 -626 854.757
221 -766 -308 854.67
733 412 153 854.659
722 237 391 854.596
662 471 -265 854.582
-298 38 800 854.545
-168 389 742 854.464
332 787 -22 854.445
559 -592 -259 854.416
29 -812 -264 854.331
-658 475 267 854.329
-527 -586 -329 854.029
699 291 -395 853.995
209 39 -827 853.892
-573 -183 -606 853.847
358 522 -573 853.802
-780 187 292 853.6
-592 581 -201 853.479
-71 -714 462 853.394
36 -771 -364 853.366
-593 266 -553 853.355
568 176 -612 853.314
-372 623 449 853.296
72 242 815 853.213
-621 -580 -75 853.033
-431 -13 -736 853.01
-416 147 730 852.974
-591 -608 92 852.883
751 325 -240 852.775
-609 595 -48 852.766
-214 -546 -619 852.686
288 288 -749 852.578
832 -144 118 852.575
4 663 536 852.573
797 234 192 852.543
-328 482 -622 852.521
-411 -201 -719 852.222
756 -313 238 852.144
-563 -76 -635 852.039
284 -787 -161 852.025
-239 807 132 851.935
92 763 367 851.658
-452 719 -60 851.39
305 290 740 851.308
359 -598 -488 851.251
-26 811 257 851.144
-38 -487 -697 851.13
-163 767 331 851.128
-693 422 257 851.106
463 76 710 851.026
-604 -442 -405 851.002
652 -232 495 850.854
-631 -425 381 850.851
50 -596 -605 850.73
-47 -829 -185 850.691
771 -147 -328 850.667
-242 -764 285 850.579
-536 645 -142 850.579
72 -838 126 850.473
-580 405 -472 850.417
-404 -615 426 850.245
-279 -685 419 850.075
-768 -72 357 849.975
749 217 -338 849.902
506 -258 -632 849.72
391 630 -415 849.709
-767 -345 -120 849.538
-221 288 768 849.476
427 -493 544 849.302
-3 597 -604 849.255
-441 594 -417 849.238
-414 -541 -507 849.191
-78 88 841 849.181
-773 350 -15 848.678
-85 -775 -335 848.572
-449 -715 85 848.558
-192 825 -50 848.522
-122 -53 838 848.491
-528 -598 289 848.474
-57 133 -836 848.43
-601 -317 -508 848.383
734 -288 -313 848.333
458 -277 -658 848.208
162 784 279 847.786
-626 -477 -315 847.72
-468 73 -703 847.68
-353 -589 -497 847.667
711 208 412 847.661
-509 -136 664 847.628
452 -562 445 847.451
-147 -263 -792 847.374
-520 -246 -622 847.231
252 -808 -36 847.151
479 470 -517 847.13
181 818 125 847.06
-735 1 421 847.034
798 284 -1 847.031
222 -703 -417 846.984
-246 450 -674 846.931
-513 115 664 846.93
106 556 630 846.919
589 -107 599 846.859
379 558 512 846.846
-461 391 593 846.789
20 -596 -601 846.65
13 -766 360 846.478
84 275 796 846.343
-474 481 510 846.249
819 -145 -156 846.24
389 382 647 846.082
116 -691 -474 845.939
-234 -272 766 845.87
500 -289 618 845.84
-496 -285 -623 845.795
731 246 -347 845.746
386 307 -687 845.703
-103 -111 832 845.668
822 -93 175 845.552
274 258 757 845.393
-672 -476 -191 845.364
-332 -431 647 845.337
510 414 532 845.293
804 152 212 845.26
-762 -242 274 845.153
-465 236 -665 845.072
783 86 -306 845.057
-448 -297 652 844.995
95 77 836 844.896
721 -270 -348 844.893
-746 99 -384 844.851
-673 -129 -494 844.752
-412 -635 -375 844.745
453 -2 713 844.738
-673 -272 432 844.711
-650 407 -354 844.669
194 754 327 844.441
59 841 -48 844.432
48 -690 484 844.192
-602 -507 -305 844.084
-645 -253 -482 844.013
-293 -768 -191 843.892
-340 -171 753 843.712
-23 817 209 843.623
-44 -760 -363 843.389
-382 -176 731 843.363
-642 544 56 843.348
-791 238 -170 843.342
812 200 109 843.342
134 799 -234 843.275
-520 -609 -264 843.195
287 565 -556 843.048
151 -698 448 843.036
-330 310 -711 842.924
698 -469 -55 842.728
-779 311 81 842.688
-171 -805 -181 842.631
251 -553 584 842.535
733 336 244 842.449
-826 -9 165 842.367
331 472 614 842.224
-347 281 -714 842.12
-721 -430 -66 842.079
-160 -184 806 842.076
-176 381 730 842.043
656 84 521 841.922
-141 -438 -705 841.873
-307 -737 267 841.847
197 374 -728 841.825
706 -370 -270 841.568
-729 420 -19 841.547
36 415 731 841.357
-380 750 -31 841.345
-700 272 -379 841.204
-565 -345 -519 841.196
-493 306 -609 841.169
-304 731 -284 841.09
-307 9 783 841.082
-181 643 511 841.03
-281 680 -407 840.839
-365 -524 547 840.839
-238 -555 -585 840.77
-521 -655 -80 840.753
-136 -481 -676 840.734
254 92 -796 840.593
373 660 -363 840.534
402 -427 602 840.439
391 -138 -731 840.408
669 -370 349 840.394
-543 -152 623 840.287
489 612 -304 840.286
-374 627 416 840.274
-235 -802 -87 840.237
59 838 -15 840.208
36 400 738 840.202
283 742 -274 840.077
-24 506 -670 839.948
-190 -709 408 839.789
-342 -304 -704 839.64
-708 -197 -406 839.589
129 644 -523 839.587
646 534 44 839.29
-527 236 609 839.229
353 -166 743 839.175
461 -556 427 839.039
164 708 -419 838.881
-426 -532 -489 838.821
-575 -67 607 838.787
165 584 -579 838.762
-583 -334 502 838.719
-609 -395 -420 838.633
-643 -202 -499 838.602
-445 -329 630 838.55
736 397 62 838.54
-639 -142 -524 838.487
-696 303 356 838.428
261 -764 226 838.387
650 -437 299 838.373
-767 -312 -131 838.328
543 509 385 837.947
635 292 462 837.814
347 -468 602 837.757
-769 -272 191 837.751
-577 472 382 837.638
373 -77 746 837.6
-694 426 195 837.339
764 42 340 837.293
-822 63 145 837.065
-143 35 824 837.048
-230 610 -525 837.033
86 -234 -799 836.99
-825 -136 -37 836.953
818 177 -4 836.94
-580 -21 603 836.929
-329 -536 -552 836.804
209 464 664 836.584
-665 -481 -162 836.558
517 -146 641 836.353
801 -126 -204 836.118
810 -121 -168 836.041
315 -773 47 836.04
-745 347 -153 835.968
-509 -656 -97 835.958
-181 804 140 835.929
-713 -248 359 835.915
167 -726 379 835.827
-183 -293 -761 835.739
-308 -721 -289 835.599
-106 796 231 835.591
280 -787 -21 835.59
-666 47 502 835.326
597 -576 -97 835.221
239 -425 678 835.123
782 293 -4 835.098
309 -338 698 834.823
287 780 77 834.684
481 -337 593 834.613
-728 -354 203 834.571
288 733 -276 834.511
-396 -104 -727 834.363
696 -459 -30 834.264
-439 -164 690 834.096
-453 507 -483 833.995
-384 123 730 833.957
-424 -209 -687 833.922
-445 599 372 833.793
-503 456 484 833.787
-312 751 -184 833.787
-361 47 -750 833.685
500 663 73 833.605
65 -2 831 833.541
77 813 -167 833.539
628 -440 326 833.223
-671 470 -152 833.214
250 -770 -197 833.192
-778 -272 -121 833.012
442 336 621 833.007
793 220 129 833.001
-213 795 128 832.933
298 -750 -206 832.911
-399 -193 705 832.751
82 -794 -237 832.664
675 -433 224 832.64
801 169 152 832.626
726 305 270 832.467
-748 83 -355 832.117
361 -699 271 832.084
-292 773 96 831.871
-669 -488 -79 831.833
-800 227 5 831.597
365 633 397 831.579
-719 352 225 831.559
224 -556 -576 831.317
-317 344 -687 831.14
-740 -372 69 831.111
-77 -687 -461 830.915
-15 139 -819 830.847
36 -758 -338 830.725
580 -575 -151 830.558
-527 94 -635 830.536
51 -755 -342 830.416
-455 499 483 830.25
-263 258 -744 830.222
97 820 -86 830.184
661 -375 -334 830.122
-4 10 830 830.07
-400 -7 727 829.806
-381 718 167 829.804
438 583 -396 829.789
-244 -272 745 829.786
296 -582 512 829.749
-616 -268 487 829.728
-555 -533 -310 829.587
-662 -422 -268 829.549
-170 -56 -810 829.54
592 -8 581 829.511
419 649 -302 829.437
684 322 -341 829.35
-607 -509 245 829.189
513 -449 -472 829.189
10 43 828 829.176
-211 -706 380 829.07
-217 -800 -4 828.918
-588 -148 -565 828.778
-660 -187 -465 828.73
522 264 587 828.703
-682 -170 -439 828.701
-153 543 -607 828.678
-521 -342 -546 828.566
-597 -148 555 828.455
93 817 98 828.095
209 -795 99 827.953
317 -225 -731 827.934
398 -311 656 827.926
315 323 694 827.762
-705 -381 -207 827.668
123 368 -731 827.595
-794 -149 179 827.453
359 -502 551 827.337
-232 -182 773 827.331
775 -183 -224 827.218
-527 595 -229 827.161
-467 -605 -316 827.025
-70 -824 9 827.017
-456 624 -294 826.891
-267 645 443 826.779
599 -378 -426 826.536
-710 415 82 826.468
-462 627 276 826.286
-722 88 392 826.252
22 534 -630 826.16
-168 -708 391 826.056
-309 668 -375 826.033
-556 524 314 826.019
362 659 -342 826.008
-770 -107 -279 825.948
-49 -802 191 825.885
-116 620 533 825.8
225 -784 -129 825.786
-397 -716 107 825.66
119 418 702 825.645
-824 20 -36 825.029
-731 -321 -208 825.025
-656 383 -321 824.661
-114 -717 -391 824.601
-174 -636 -495 824.498
538 620 -77 824.483
194 -569 -564 824.314
416 641 309 824.268
546 -611 -88 824.124
-332 495 -569 824.021
229 -779 140 823.943
61 821 -33 823.924
-325 -56 755 823.885
82 -776 264 823.769
-558 292 -531 823.765
-51 -759 316 823.734
394 696 -197 823.687
-790 -76 -220 823.575
114 772 -263 823.498
-763 -174 -256 823.396
-58 423 704 823.352
-369 735 -39 823.351
-35 -346 746 823.078
-62 449 -687 823.052
721 396 27 823.035
144 -275 762 822.803
-203 -756 -253 822.651
-114 306 -755 822.592
-354 -491 557 822.585
-3 410 713 822.483
-251 774 120 822.482
122 -409 -703 822.42
649 -263 431 822.272
-682 459 -18 822.271
-351 422 612 822.088
557 -554 -242 822.027
-518 275 -576 822.025
656 470 -156 821.932
70 -305 760 821.903
526 -200 -599 821.874
124 458 671 821.816
-666 -354 -326 821.674
655 -321 378 821.553
-639 -325 401 821.43
-726 -223 312 821.066
459 550 401 820.964
-317 646 -395 820.871
805 64 -146 820.632
-321 -685 -318 820.603
229 -55 -786 820.525
-411 696 141 820.499
185 -9 -799 820.187
-270 -538 -557 820.118
-380 372 -624 819.854
-491 -271 598 819.833
-797 -111 -156 819.674
-424 -187 676 819.586
25 115 -811 819.494
178 -650 -466 819.353
213 -666 427 819.301
-523 -574 -261 819.223
-111 784 210 819.193
-346 -378 -639 819.098
-144 -438 -677 819.09
-106 -360 -728 819.036
596 -410 384 819.007
-482 -500 -434 818.951
730 201 -312 818.929
10 -155 -804 818.866
-491 -206 -622 818.78
-219 -756 224 818.336
813 -79 -48 818.238
-502 -623 -171 818.153
-369 41 -729 818.097
-349 -584 454 817.908
608 484 -255 817.891
-612 -298 453 817.653
-418 659 -244 817.644
331 -733 146 817.414
423 -310 -627 817.409
-607 492 -239 817.089
680 -386 237 817.047
-798 140 105 816.963
804 -142 23 816.767
-307 601 460 816.731
-39 -455 -677 816.624
472 -629 220 816.594
-487 209 -621 816.389
375 317 652 816.222
19 356 -734 815.998
209 507 604 815.81
-351 629 383 815.801
-230 -320 714 815.534
-540 35 610 815.429
759 296 35 815.427
-438 679 -109 815.332
-677 -372 -260 815.054
328 486 566 814.945
-580 103 563 814.848
482 654 -60 814.641
701 -411 -57 814.599
802 -142 13 814.578
50 -69 -810 814.47
-198 -769 181 814.448
811 -29 69 814.446
722 371 -66 814.421
60 -723 370 814.389
-137 -729 336 814.313
114 -697 -405 814.144
-702 91 402 814.057
-654 119 -469 813.534
352 612 -404 813.427
254 -623 -457 813.323
489 -32 -649 813.232
164 769 207 813.084
-81 803 -98 813.003
-790 -55 -183 812.782
-746 32 321 812.761
543 272 -540 812.67
-210 749 -235 812.604
454 672 -48 812.406
-555 222 -550 812.286
619 374 369 811.91
-543 -55 -601 811.834
263 -618 -456 811.806
280 -110 -754 811.798
-486 -398 -514 811.662
-727 -95 348 811.577
-112 336 730 811.382
-165 -404 684 811.355
-16 -127 801 811.163
8 14 811 811.16
337 137 725 811.149
527 56 -614 811.086
-290 -26 757 811.064
777 62 -224 811.017
340 674 -296 810.859
194 -633 -468 810.771
142 776 -187 810.746
157 689 397 810.542
54 -807 -53 810.539
-360 474 -550 810.417
226 -244 -739 810.391
-362 724 38 810.348
-493 220 -604 810.102
-125 -752 274 810.065
518 -521 341 809.967
-564 191 -549 809.925
-96 -58 -802 809.805
-388 -598 384 809.694
736 87 -326 809.655
-731 266 -224 809.502
160 439 -661 809.47
382 514 495 809.41
-296 215 -722 809.398
-441 442 -515 809.364
-241 318 704 809.21
-627 -277 -430 809.171
393 -693 -141 809.061
-182 -45 -787 809.023
206 713 -322 809.005
253 61 -766 809.003
46 -431 -683 808.929
539 -390 -460 808.839
-444 -539 -408 808.777
273 -299 -700 808.659
-581 -332 -454 808.641
165 267 -745 808.418
-180 -625 480 808.347
347 502 -530 808.278
-432 289 -619 808.273
-234 -418 651 808.258
97 730 -333 808.207
-119 -786 145 808.073
-325 727 -137 808.036
738 -261 -200 807.939
-722 298 206 807.79
559 -556 175 807.615
-215 -760 -167 807.288
-762 -106 -244 807.103
36 611 -526 807.027
-677 -286 -333 806.854
-529 -598 116 806.784
610 233 473 806.299
394 -264 -652 806.248
-44 740 317 806.241
560 66 576 806.06
754 203 -198 805.561
-746 281 -114 805.278
305 -729 -154 805.098
-450 -642 183 805.08
267 213 -729 805.046
-54 356 720 805.017
-492 588 -245 804.881
346 -30 726 804.793
-678 -46 431 804.712
100 -321 731 804.613
1 -789 157 804.469
-762 -38 -255 804.433
766 181 -165 804.203
510 598 -170 804.117
-50 596 -537 803.794
-335 -709 -176 803.668
637 31 -489 803.649
522 2 611 803.622
-557 159 -557 803.604
-402 -243 652 803.59
-590 -206 -505 803.468
721 37 352 803.19
-353 96 -715 803.15
465 -653 44 802.851
469 614 218 802.796
-605 521 80 802.413
745 298 -5 802.405
-620 -349 371 802.398
272 220 722 802.289
-490 -634 -40 802.282
-292 725 -181 802.278
-249 -720 251 802.123
339 457 565 801.87
-280 -751 -21 801.774
376 644 294 801.591
210 436 -639 801.572
-732 -19 -326 801.537
745 113 -273 801.451
77 -792 -95 801.385
525 -305 -523 801.361
295 622 -410 801.255
-121 -552 -568 801.23
-698 211 332 801.217
283 340 668 801.195
-581 -477 277 801.136
-638 282 394 801.127
142 227 755 801.073
103 786 -115 801.018
484 -435 467 800.981
-326 725 98 800.94
136 -374 695 800.873
-414 243 641 800.828
181 780 -2 800.728
517 446 418 800.58
-440 32 668 800.53
-630 -437 -229 800.194
117 75 788 800.161
-665 141 -422 800.119
-90 -152 98 202.01
68 -144 128 204.313
-37 188 -71 204.338
-59 -53 189 204.966
10 -154 135 205.039
-143 12 148 206.148
186 83 -38 207.193
-82 184 58 209.628
18 -37 208 212.031
186 -55 -93 215.105
190 66 79 216.095
-210 -58 9 218.048
130 -176 -8 218.952
11 115 -189 221.511
88 -78 -190 223.446
-186 -71 -103 224.156
182 -42 125 224.751
189 -117 -35 225.022
-48 -218 36 226.106
-156 162 24 226.177
205 -46 85 226.641
-160 -144 71 226.665
176 -22 143 227.835
165 -157 10 227.978
-6 120 194 228.193
-98 183 95 228.294
-85 -131 169 230.102
-218 34 68 230.877
84 -31 215 232.899
-28 208 -110 236.956
-80 -73 -211 237.171
75 -110 -197 237.769
-48 32 -232 239.065
-60 219 75 239.136
-226 -67 46 240.169
165 182 2 245.668
-84 -168 -161 247.388
-60 111 -213 247.568
152 140 -138 248.491
-6 145 -202 248.727
128 -179 116 248.759
-113 -197 -102 248.962
-211 104 83 249.451
-5 -211 -136 251.082
-158 191 -40 251.088
58 236 66 251.825
215 -61 -122 254.617
-84 71 230 254.945
120 146 173 256.213
-230 108 38 256.92
82 -243 22 257.404
146 -199 -74 257.668
41 -65 -246 257.725
91 -178 163 257.942
-227 111 53 258.184
-134 -178 133 259.478
131 -109 196 259.727
-111 -208 -110 260.163
139 -210 -67 260.595
-182 -177 -60 260.87
-208 150 -49 261.084
-158 -128 165 261.864
-115 -171 162 262.126
203 87 -145 264.203
-15 256 68 265.302
-244 101 29 265.665
40 -70 -254 266.488
204 117 -126 266.798
-241 22 -114 267.509
-79 -253 62 272.202
56 92 251 273.132
-265 2 -67 273.346
118 -169 181 274.31
138 132 197 274.367
-235 -6 145 276.199
274 -61 -11 280.923
-6 -200 -198 281.496
-116 -153 -206 281.604
-187 113 178 281.819
185 145 157 282.664
-260 -87 73 283.722
-49 -223 170 284.658
-270 -44 80 285.019
237 155 -38 285.724
-19 -276 75 286.639
-208 16 -197 286.93
-223 150 -106 288.903
131 -201 162 289.493
227 102 148 289.546
165 -236 -31 289.624
101 -253 -101 290.536
239 117 119 291.498
260 121 58 292.583
97 266 -76 293.157
279 73 54 293.404
274 -71 78 293.6
-4 293 -25 294.092
-105 -234 147 295.618
-233 -60 173 296.341
44 183 230 297.195
230 -182 55 298.411
113 248 -125 299.83
