403 -95 434
-407 259 356
186 564 80
219 -240 503
498 228 -242
485 195 292
-459 73 377
-586 -120 18
-20 -244 546
-333 -313 386
166 -255 -515
482 -183 -303
-55 481 -351
482 -78 345
-424 -277 316
266 -127 -519
387 -81 447
-485 -28 346
411 -233 364
-232 -410 365
-560 122 -163
-451 -381 77
562 -19 -195
410 200 382
73 -509 -299
-590 -70 22
312 -502 -62
-23 -307 508
200 271 -489
579 -125 39
36 534 -256
117 541 -213
-517 -16 290
368 64 460
53 502 309
-477 -219 -273
-50 -447 -384
-530 260 -33
-275 -217 -476
-203 555 6
-341 169 -452
8 -459 -372
-56 -533 248
100 -117 -570
43 -278 -519
39 -123 -576
126 -566 109
-481 39 -339
-91 -578 73
551 166 -128
242 172 -509
398 413 135
-169 346 446
-456 98 360
-318 270 -416
-152 -121 -556
-125 -308 486
-423 -61 405
255 264 -460
184 -373 416
-551 -141 -150
83 534 -232
270 -277 -442
-343 -125 -460
-35 4 586
-328 -453 -178
-539 89 214
-9 356 466
-223 542 -16
318 -377 -317
-73 -313 490
-326 -210 -439
3 -91 -578
238 -449 290
-455 -82 358
-90 116 -566
-455 339 -141
201 205 509
2 575 -103
-158 -39 -561
-464 333 -122
-9 571 -122
-529 238 -64
-149 -520 -219
223 231 -487
-199 531 136
503 -70 285
457 -339 122
-353 196 -419
272 -459 232
327 454 159
-168 -123 -543
-153 58 558
-529 -240 -18
39 320 483
41 -564 132
84 199 539
140 -558 -78
216 397 364
350 -40 -461
-97 261 509
203 -214 -499
-221 -281 -456
530 211 100
-476 -69 322
133 -437 355
-176 -468 291
-435 335 182
289 -233 -443
-310 -433 223
-566 105 -44
197 -405 -361
180 133 532
319 477 -61
-518 -163 -195
488 -307 22
-537 202 60
115 -565 -16
-268 266 436
234 -510 -128
62 -547 167
481 184 -256
219 437 -303
455 96 -338
510 -211 -160
207 -507 -174
79 279 496
-342 -265 -378
246 217 471
508 -106 244
52 409 -398
328 124 453
-521 225 -78
-470 -140 -296
166 -456 304
415 -229 321
90 61 -562
-422 -386 20
-523 109 204
-230 522 -34
-408 -5 400
83 -375 423
527 39 -217
-47 -231 -520
-227 -519 -67
-129 552 63
-38 385 -419
213 -296 -438
512 236 83
-167 408 -361
-167 534 -106
421 383 5
45 -378 -423
284 -76 487
-6 443 -356
556 55 101
-353 251 367
-128 -550 -57
312 -178 439
-124 -533 148
169 -349 -413
-445 89 339
359 -175 401
129 -506 218
-49 523 -210
-259 -218 -453
-439 -293 -202
-272 18 495
-270 438 -233
-551 117 39
249 -219 457
-306 89 466
456 -193 -271
309 -459 109
278 -477 114
344 -319 312
230 441 -264
20 -535 -174
343 -307 -324
109 -388 -393
230 233 -457
-398 -204 -339
-446 -33 -339
-292 -203 -434
260 -13 497
383 -394 -113
-65 -380 407
-394 -231 325
454 328 19
-398 34 -393
104 -178 521
396 356 -174
-368 -311 -285
495 104 239
-527 166 -85
421 347 121
-349 300 -317
344 353 -263
-43 -468 -302
-369 -352 -227
530 55 -166
-170 523 95
376 216 351
-480 -119 -258
127 518 -163
407 322 203
451 57 322
165 466 256
250 130 -480
-304 -418 206
501 54 235
53 329 -445
-549 66 -57
-189 27 522
-329 -72 -442
-310 -201 415
-81 -463 -295
330 132 -426
83 489 -248
425 63 350
-534 108 100
-367 -413 38
-450 86 -311
-172 -426 309
331 -27 -443
451 320 -16
148 -529 62
284 -201 -429
295 -99 456
-315 -96 443
-106 -534 -91
317 382 -241
384 -176 -355
5 -530 -153
190 472 213
-28 205 -511
410 132 344
-44 -38 548
-529 62 141
309 -455 -17
416 205 295
-404 -325 182
275 117 -461
-114 -534 57
452 46 308
140 506 160
-419 256 245
530 -130 52
6 548 -6
446 28 -316
232 456 193
-342 291 311
193 -510 -31
334 228 -367
-481 228 122
34 -244 -487
494 -35 229
-158 -132 505
-106 -469 257
0 -262 478
-72 386 -378
395 257 -273
-321 -420 -131
-408 -356 56
-513 -157 -92
-104 525 -97
107 479 -234
-21 531 -115
-194 268 431
-360 -161 373
9 -484 -245
-303 446 56
40 373 391
-63 -505 -186
-15 -42 540
-124 526 29
-530 108 18
69 283 456
-327 -377 207
91 156 509
-418 -302 -159
-388 150 343
393 334 -157
-454 20 290
-484 -75 -225
320 -102 421
-409 -348 35
-505 143 -118
497 174 108
178 504 -57
-439 -276 141
446 -289 79
6 67 -533
254 -101 -462
-293 46 -447
-227 334 353
-267 96 -455
-500 192 25
80 -261 -461
263 -315 344
-434 -313 12
123 61 517
-341 409 46
-150 -512 -26
-474 -118 216
-68 529 -26
509 -2 -160
-191 287 407
81 -35 -526
-420 -287 160
-121 -120 -505
325 -420 -44
-13 -157 509
-386 366 -30
-142 356 -370
-85 388 -355
-481 -205 100
213 -437 216
281 -382 -241
-314 240 356
-301 350 264
-409 -111 321
-161 385 -329
315 -283 321
503 -125 115
513 -53 -126
-7 -84 524
192 387 308
504 -98 -133
380 305 -209
491 -68 188
-380 -19 369
160 329 383
36 486 207
-470 -100 -222
-29 -280 -448
230 114 -462
370 365 -93
-429 301 -63
-89 -125 505
377 -168 328
-381 348 -107
351 -242 309
-107 515 -2
402 227 -252
256 459 12
-290 -274 342
215 -435 -200
-429 -286 98
437 -69 -282
-304 357 -235
-246 -463 -13
-137 35 -505
-154 184 -466
441 -281 30
-248 354 295
380 -278 228
-366 -171 -332
-364 244 285
-44 -459 -246
362 255 277
-285 210 384
-3 -509 117
-286 -210 -382
222 -468 59
-166 202 -451
513 92 6
377 342 -109
-369 7 -367
160 405 285
-256 3 -453
-102 417 -294
-323 -223 -341
-486 45 -179
-389 324 118
-403 250 211
67 440 267
-307 -414 -58
-74 -136 -495
-274 -404 175
55 -214 -469
383 314 152
-338 106 378
434 277 57
3 -426 293
167 435 224
-333 276 281
-506 38 88
469 149 -151
254 -223 388
104 -136 -485
-93 -336 378
-21 -316 -405
45 248 -448
-513 -24 -6
-461 219 -57
251 -155 420
-69 508 -17
-284 204 -375
-167 -320 364
388 -256 -216
-171 -479 -62
-92 256 434
-345 247 286
510 23 31
407 235 200
-69 133 -488
-257 440 -29
370 -348 -49
-399 244 -204
-169 -398 270
441 -225 -121
476 180 -27
-127 491 -48
132 -453 192
-130 -392 -298
-204 436 -165
339 -307 223
350 -336 -153
392 45 321
244 -119 430
-354 153 -330
-271 -27 -428
336 374 66
-467 -186 63
-425 -242 132
-345 -343 -141
172 211 427
259 414 -134
414 10 -291
-70 299 401
-261 -376 -213
75 -230 443
46 481 145
-137 -79 -479
-473 125 122
-270 351 -241
202 26 -461
-18 -497 -78
27 193 464
331 -370 80
197 -262 381
-454 -111 183
-450 -96 200
-108 -304 383
