-768 -72 357 849.975
749 217 -338 849.902
506 -258 -632 849.72
391 630 -415 849.709
-767 -345 -120 849.538
-221 288 768 849.476
427 -493 544 849.302
-3 597 -604 849.255
-441 594 -417 849.238
-414 -541 -507 849.191
-78 88 841 849.181
-773 350 -15 848.678
-85 -775 -335 848.572
-449 -715 85 848.558
-192 825 -50 848.522
-122 -53 838 848.491
-528 -598 289 848.474
-57 133 -836 848.43
-601 -317 -508 848.383
734 -288 -313 848.333
458 -277 -658 848.208
162 784 279 847.786
-626 -477 -315 847.72
-468 73 -703 847.68
-353 -589 -497 847.667
711 208 412 847.661
-509 -136 664 847.628
452 -562 445 847.451
-147 -263 -792 847.374
-520 -246 -622 847.231
252 -808 -36 847.151
479 470 -517 847.13
181 818 125 847.06
-735 1 421 847.034
798 284 -1 847.031
222 -703 -417 846.984
-246 450 -674 846.931
-513 115 664 846.93
106 556 630 846.919
589 -107 599 846.859
379 558 512 846.846
-461 391 593 846.789
20 -596 -601 846.65
13 -766 360 846.478
84 275 796 846.343
-474 481 510 846.249
819 -145 -156 846.24
389 382 647 846.082
116 -691 -474 845.939
-234 -272 766 845.87
500 -289 618 845.84
-496 -285 -623 845.795
731 246 -347 845.746
386 307 -687 845.703
-103 -111 832 845.668
822 -93 175 845.552
274 258 757 845.393
-672 -476 -191 845.364
-332 -431 647 845.337
510 414 532 845.293
804 152 212 845.26
-762 -242 274 845.153
-465 236 -665 845.072
783 86 -306 845.057
-448 -297 652 844.995
95 77 836 844.896
721 -270 -348 844.893
-746 99 -384 844.851
-673 -129 -494 844.752
-412 -635 -375 844.745
453 -2 713 844.738
-673 -272 432 844.711
-650 407 -354 844.669
194 754 327 844.441
59 841 -48 844.432
48 -690 484 844.192
-602 -507 -305 844.084
-645 -253 -482 844.013
-293 -768 -191 843.892
-340 -171 753 843.712
-23 817 209 843.623
-44 -760 -363 843.389
-382 -176 731 843.363
-642 544 56 843.348
-791 238 -170 843.342
812 200 109 843.342
134 799 -234 843.275
-520 -609 -264 843.195
287 565 -556 843.048
151 -698 448 843.036
-330 310 -711 842.924
698 -469 -55 842.728
-779 311 81 842.688
-171 -805 -181 842.631
251 -553 584 842.535
733 336 244 842.449
-826 -9 165 842.367
331 472 614 842.224
-347 281 -714 842.12
-721 -430 -66 842.079
-160 -184 806 842.076
-176 381 730 842.043
656 84 521 841.922
-141 -438 -705 841.873
-307 -737 267 841.847
197 374 -728 841.825
706 -370 -270 841.568
-729 420 -19 841.547
36 415 731 841.357
-380 750 -31 841.345
-700 272 -379 841.204
-565 -345 -519 841.196
-493 306 -609 841.169
-304 731 -284 841.09
-307 9 783 841.082
-181 643 511 841.03
-281 680 -407 840.839
-365 -524 547 840.839
-238 -555 -585 840.77
-521 -655 -80 840.753
-136 -481 -676 840.734
254 92 -796 840.593
373 660 -363 840.534
402 -427 602 840.439
391 -138 -731 840.408
669 -370 349 840.394
-543 -152 623 840.287
489 612 -304 840.286
-374 627 416 840.274
-235 -802 -87 840.237
59 838 -15 840.208
36 400 738 840.202
283 742 -274 840.077
-24 506 -670 839.948
-190 -709 408 839.789
-342 -304 -704 839.64
-708 -197 -406 839.589
129 644 -523 839.587
646 534 44 839.29
-527 236 609 839.229
353 -166 743 839.175
461 -556 427 839.039
164 708 -419 838.881
-426 -532 -489 838.821
-575 -67 607 838.787
165 584 -579 838.762
-583 -334 502 838.719
-609 -395 -420 838.633
-643 -202 -499 838.602
-445 -329 630 838.55
736 397 62 838.54
-639 -142 -524 838.487
-696 303 356 838.428
261 -764 226 838.387
650 -437 299 838.373
-767 -312 -131 838.328
543 509 385 837.947
635 292 462 837.814
347 -468 602 837.757
-769 -272 191 837.751
-577 472 382 837.638
373 -77 746 837.6
-694 426 195 837.339
764 42 340 837.293
-822 63 145 837.065
-143 35 824 837.048
-230 610 -525 837.033
86 -234 -799 836.99
-825 -136 -37 836.953
818 177 -4 836.94
-580 -21 603 836.929
-329 -536 -552 836.804
209 464 664 836.584
-665 -481 -162 836.558
517 -146 641 836.353
801 -126 -204 836.118
810 -121 -168 836.041
315 -773 47 836.04
-745 347 -153 835.968
-509 -656 -97 835.958
-181 804 140 835.929
-713 -248 359 835.915
167 -726 379 835.827
-183 -293 -761 835.739
-308 -721 -289 835.599
-106 796 231 835.591
280 -787 -21 835.59
-666 47 502 835.326
597 -576 -97 835.221
239 -425 678 835.123
782 293 -4 835.098
309 -338 698 834.823
287 780 77 834.684
481 -337 593 834.613
-728 -354 203 834.571
288 733 -276 834.511
-396 -104 -727 834.363
696 -459 -30 834.264
-439 -164 690 834.096
-453 507 -483 833.995
-384 123 730 833.957
-424 -209 -687 833.922
-445 599 372 833.793
-503 456 484 833.787
-312 751 -184 833.787
-361 47 -750 833.685
500 663 73 833.605
65 -2 831 833.541
77 813 -167 833.539
628 -440 326 833.223
-671 470 -152 833.214
250 -770 -197 833.192
-778 -272 -121 833.012
442 336 621 833.007
793 220 129 833.001
-213 795 128 832.933
298 -750 -206 832.911
-399 -193 705 832.751
82 -794 -237 832.664
675 -433 224 832.64
801 169 152 832.626
726 305 270 832.467
-748 83 -355 832.117
361 -699 271 832.084
-292 773 96 831.871
-669 -488 -79 831.833
-800 227 5 831.597
365 633 397 831.579
-719 352 225 831.559
224 -556 -576 831.317
-317 344 -687 831.14
-740 -372 69 831.111
-77 -687 -461 830.915
-15 139 -819 830.847
36 -758 -338 830.725
580 -575 -151 830.558
-527 94 -635 830.536
51 -755 -342 830.416
-455 499 483 830.25
-263 258 -744 830.222
97 820 -86 830.184
661 -375 -334 830.122
-4 10 830 830.07
-400 -7 727 829.806
-381 718 167 829.804
438 583 -396 829.789
-244 -272 745 829.786
296 -582 512 829.749
-616 -268 487 829.728
-555 -533 -310 829.587
-662 -422 -268 829.549
-170 -56 -810 829.54
592 -8 581 829.511
419 649 -302 829.437
684 322 -341 829.35
-607 -509 245 829.189
513 -449 -472 829.189
10 43 828 829.176
-211 -706 380 829.07
-217 -800 -4 828.918
-588 -148 -565 828.778
-660 -187 -465 828.73
522 264 587 828.703
-682 -170 -439 828.701
-153 543 -607 828.678
-521 -342 -546 828.566
-597 -148 555 828.455
93 817 98 828.095
209 -795 99 827.953
317 -225 -731 827.934
398 -311 656 827.926
315 323 694 827.762
-705 -381 -207 827.668
123 368 -731 827.595
-794 -149 179 827.453
359 -502 551 827.337
-232 -182 773 827.331
775 -183 -224 827.218
-527 595 -229 827.161
-467 -605 -316 827.025
-70 -824 9 827.017
-456 624 -294 826.891
-267 645 443 826.779
599 -378 -426 826.536
-710 415 82 826.468
-462 627 276 826.286
-722 88 392 826.252
22 534 -630 826.16
-168 -708 391 826.056
-309 668 -375 826.033
-556 524 314 826.019
362 659 -342 826.008
-770 -107 -279 825.948
-49 -802 191 825.885
-116 620 533 825.8
225 -784 -129 825.786
-397 -716 107 825.66
119 418 702 825.645
-824 20 -36 825.029
-731 -321 -208 825.025
-656 383 -321 824.661
-114 -717 -391 824.601
-174 -636 -495 824.498
538 620 -77 824.483
194 -569 -564 824.314
416 641 309 824.268
546 -611 -88 824.124
-332 495 -569 824.021
229 -779 140 823.943
61 821 -33 823.924
-325 -56 755 823.885
82 -776 264 823.769
-558 292 -531 823.765
-51 -759 316 823.734
394 696 -197 823.687
-790 -76 -220 823.575
114 772 -263 823.498
-763 -174 -256 823.396
-58 423 704 823.352
-369 735 -39 823.351
-35 -346 746 823.078
-62 449 -687 823.052
721 396 27 823.035
144 -275 762 822.803
-203 -756 -253 822.651
-114 306 -755 822.592
-354 -491 557 822.585
-3 410 713 822.483
-251 774 120 822.482
122 -409 -703 822.42
649 -263 431 822.272
-682 459 -18 822.271
-351 422 612 822.088
557 -554 -242 822.027
-518 275 -576 822.025
656 470 -156 821.932
70 -305 760 821.903
526 -200 -599 821.874
124 458 671 821.816
-666 -354 -326 821.674
655 -321 378 821.553
-639 -325 401 821.43
-726 -223 312 821.066
459 550 401 820.964
-317 646 -395 820.871
805 64 -146 820.632
-321 -685 -318 820.603
229 -55 -786 820.525
-411 696 141 820.499
185 -9 -799 820.187
-270 -538 -557 820.118
-380 372 -624 819.854
-491 -271 598 819.833
-797 -111 -156 819.674
-424 -187 676 819.586
25 115 -811 819.494
178 -650 -466 819.353
213 -666 427 819.301
-523 -574 -261 819.223
-111 784 210 819.193
-346 -378 -639 819.098
-144 -438 -677 819.09
-106 -360 -728 819.036
596 -410 384 819.007
-482 -500 -434 818.951
730 201 -312 818.929
10 -155 -804 818.866
-491 -206 -622 818.78
-219 -756 224 818.336
813 -79 -48 818.238
-502 -623 -171 818.153
-369 41 -729 818.097
-349 -584 454 817.908
608 484 -255 817.891
-612 -298 453 817.653
-418 659 -244 817.644
331 -733 146 817.414
423 -310 -627 817.409
-607 492 -239 817.089
680 -386 237 817.047
-798 140 105 816.963
804 -142 23 816.767
-307 601 460 816.731
-39 -455 -677 816.624
472 -629 220 816.594
-487 209 -621 816.389
375 317 652 816.222
19 356 -734 815.998
209 507 604 815.81
-351 629 383 815.801
-230 -320 714 815.534
-540 35 610 815.429
759 296 35 815.427
-438 679 -109 815.332
-677 -372 -260 815.054
328 486 566 814.945
-580 103 563 814.848
482 654 -60 814.641
701 -411 -57 814.599
802 -142 13 814.578
50 -69 -810 814.47
-198 -769 181 814.448
811 -29 69 814.446
722 371 -66 814.421
60 -723 370 814.389
-137 -729 336 814.313
114 -697 -405 814.144
-702 91 402 814.057
-654 119 -469 813.534
352 612 -404 813.427
254 -623 -457 813.323
489 -32 -649 813.232
164 769 207 813.084
-81 803 -98 813.003
-790 -55 -183 812.782
-746 32 321 812.761
543 272 -540 812.67
-210 749 -235 812.604
454 672 -48 812.406
-555 222 -550 812.286
619 374 369 811.91
-543 -55 -601 811.834
263 -618 -456 811.806
280 -110 -754 811.798
-486 -398 -514 811.662
-727 -95 348 811.577
-112 336 730 811.382
-165 -404 684 811.355
-16 -127 801 811.163
8 14 811 811.16
337 137 725 811.149
527 56 -614 811.086
-290 -26 757 811.064
777 62 -224 811.017
340 674 -296 810.859
194 -633 -468 810.771
142 776 -187 810.746
157 689 397 810.542
54 -807 -53 810.539
-360 474 -550 810.417
226 -244 -739 810.391
-362 724 38 810.348
-493 220 -604 810.102
-125 -752 274 810.065
518 -521 341 809.967
-564 191 -549 809.925
-96 -58 -802 809.805
-388 -598 384 809.694
736 87 -326 809.655
-731 266 -224 809.502
160 439 -661 809.47
382 514 495 809.41
-296 215 -722 809.398
-441 442 -515 809.364
-241 318 704 809.21
-627 -277 -430 809.171
393 -693 -141 809.061
-182 -45 -787 809.023
206 713 -322 809.005
253 61 -766 809.003
46 -431 -683 808.929
539 -390 -460 808.839
-444 -539 -408 808.777
273 -299 -700 808.659
-581 -332 -454 808.641
165 267 -745 808.418
-180 -625 480 808.347
347 502 -530 808.278
-432 289 -619 808.273
-234 -418 651 808.258
97 730 -333 808.207
-119 -786 145 808.073
-325 727 -137 808.036
738 -261 -200 807.939
-722 298 206 807.79
559 -556 175 807.615
-215 -760 -167 807.288
-762 -106 -244 807.103
36 611 -526 807.027
-677 -286 -333 806.854
-529 -598 116 806.784
610 233 473 806.299
394 -264 -652 806.248
-44 740 317 806.241
560 66 576 806.06
754 203 -198 805.561
-746 281 -114 805.278
305 -729 -154 805.098
-450 -642 183 805.08
267 213 -729 805.046
-54 356 720 805.017
-492 588 -245 804.881
346 -30 726 804.793
-678 -46 431 804.712
100 -321 731 804.613
1 -789 157 804.469
-762 -38 -255 804.433
766 181 -165 804.203
510 598 -170 804.117
-50 596 -537 803.794
-335 -709 -176 803.668
637 31 -489 803.649
522 2 611 803.622
-557 159 -557 803.604
-402 -243 652 803.59
-590 -206 -505 803.468
721 37 352 803.19
-353 96 -715 803.15
465 -653 44 802.851
469 614 218 802.796
-605 521 80 802.413
745 298 -5 802.405
-620 -349 371 802.398
272 220 722 802.289
-490 -634 -40 802.282
-292 725 -181 802.278
-249 -720 251 802.123
339 457 565 801.87
-280 -751 -21 801.774
376 644 294 801.591
210 436 -639 801.572
-732 -19 -326 801.537
745 113 -273 801.451
77 -792 -95 801.385
525 -305 -523 801.361
295 622 -410 801.255
-121 -552 -568 801.23
-698 211 332 801.217
283 340 668 801.195
-581 -477 277 801.136
-638 282 394 801.127
142 227 755 801.073
103 786 -115 801.018
484 -435 467 800.981
-326 725 98 800.94
136 -374 695 800.873
-414 243 641 800.828
181 780 -2 800.728
517 446 418 800.58
-440 32 668 800.53
-630 -437 -229 800.194
117 75 788 800.161
-665 141 -422 800.119
403 -95 434 599.825
-407 259 356 599.555
186 564 80 599.243
219 -240 503 598.807
498 228 -242 598.792
485 195 292 598.76
-459 73 377 598.447
-586 -120 18 598.431
-20 -244 546 598.374
-333 -313 386 598.209
166 -255 -515 598.169
482 -183 -303 598.015
-55 481 -351 597.986
482 -78 345 597.857
-424 -277 316 596.96
266 -127 -519 596.863
387 -81 447 596.774
-485 -28 346 596.427
411 -233 364 596.411
-232 -410 365 595.944
-560 122 -163 595.863
-451 -381 77 595.391
562 -19 -195 595.172
410 200 382 594.999
73 -509 -299 594.82
-590 -70 22 594.545
312 -502 -62 594.3
-23 -307 508 594.005
200 271 -489 593.769
579 -125 39 593.622
36 534 -256 593.286
117 541 -213 593.076
-517 -16 290 592.997
368 64 460 592.554
53 502 309 591.856
-477 -219 -273 591.624
-50 -447 -384 591.409
-530 260 -33 591.26
-275 -217 -476 591.008
-203 555 6 590.991
-341 169 -452 590.886
8 -459 -372 590.871
-56 -533 248 590.533
100 -117 -570 590.414
43 -278 -519 590.334
39 -123 -576 590.276
126 -566 109 590.011
-481 39 -339 589.748
-91 -578 73 589.656
551 166 -128 589.526
242 172 -509 589.261
398 413 135 589.235
-169 346 446 589.231
-456 98 360 589.186
-318 270 -416 589.135
-152 -121 -556 588.966
-125 -308 486 588.8
-423 -61 405 588.791
255 264 -460 588.49
184 -373 416 588.253
-551 -141 -150 588.202
83 534 -232 588.106
270 -277 -442 587.361
-343 -125 -460 587.26
-35 4 586 587.058
-328 -453 -178 586.922
-539 89 214 586.718
-9 356 466 586.492
-223 542 -16 586.301
318 -377 -317 586.295
-73 -313 490 586.002
-326 -210 -439 585.745
3 -91 -578 585.127
238 -449 290 585.103
-455 -82 358 584.733
-90 116 -566 584.732
-455 339 -141 584.66
201 205 509 584.386
2 575 -103 584.156
-158 -39 -561 584.128
-464 333 -122 584.011
-9 571 -122 583.957
-529 238 -64 583.593
-149 -520 -219 583.577
223 231 -487 583.317
-199 531 136 583.145
503 -70 285 582.352
457 -339 122 581.94
-353 196 -419 581.881
272 -459 232 581.798
327 454 159 581.658
-168 -123 -543 581.551
-153 58 558 581.495
-529 -240 -18 581.176
39 320 483 580.698
41 -564 132 580.69
84 199 539 580.67
140 -558 -78 580.558
216 397 364 580.311
350 -40 -461 580.19
-97 261 509 580.182
203 -214 -499 579.66
-221 -281 -456 579.429
530 211 100 579.155
-476 -69 322 578.81
133 -437 355 578.518
-176 -468 291 578.516
-435 335 182 578.424
289 -233 -443 577.978
-310 -433 223 577.337
-566 105 -44 577.336
197 -405 -361 577.196
180 133 532 577.159
319 477 -61 577.071
-518 -163 -195 576.99
488 -307 22 576.955
-537 202 60 576.865
115 -565 -16 576.807
-268 266 436 576.781
234 -510 -128 575.535
62 -547 167 575.276
481 184 -256 575.111
219 437 -303 575.099
455 96 -338 574.878
510 -211 -160 574.649
207 -507 -174 574.608
79 279 496 574.542
-342 -265 -378 574.52
246 217 471 573.974
508 -106 244 573.442
52 409 -398 573.052
328 124 453 572.86
-521 225 -78 572.844
-470 -140 -296 572.814
166 -456 304 572.633
415 -229 321 572.457
90 61 -562 572.42
-422 -386 20 572.259
-523 109 204 571.862
-230 522 -34 571.437
-408 -5 400 571.392
83 -375 423 571.352
527 39 -217 571.261
-47 -231 -520 570.938
-227 -519 -67 570.42
-129 552 63 570.363
-38 385 -419 570.289
213 -296 -438 569.938
512 236 83 569.85
-167 408 -361 569.802
-167 534 -106 569.457
421 383 5 569.17
45 -378 -423 569.068
284 -76 487 568.859
-6 443 -356 568.349
556 55 101 567.769
-353 251 367 567.714
-128 -550 -57 567.568
312 -178 439 567.229
-124 -533 148 566.894
169 -349 -413 566.508
-445 89 339 566.451
359 -175 401 565.957
129 -506 218 565.863
-49 523 -210 565.712
-259 -218 -453 565.521
-439 -293 -202 565.132
-272 18 495 565.096
-270 438 -233 564.83
-551 117 39 564.633
249 -219 457 564.633
-306 89 466 564.547
456 -193 -271 564.47
309 -459 109 563.953
278 -477 114 563.745
344 -319 312 563.419
230 441 -264 563.096
20 -535 -174 562.94
343 -307 -324 562.916
109 -388 -393 562.916
230 233 -457 562.173
-398 -204 -339 561.196
-446 -33 -339 561.183
-292 -203 -434 561.096
260 -13 497 561.051
383 -394 -113 560.976
-65 -380 407 560.601
-394 -231 325 560.555
454 328 19 560.411
-398 34 -393 560.365
104 -178 521 560.304
396 356 -174 560.204
-368 -311 -285 559.795
495 104 239 559.43
-527 166 -85 559.026
421 347 121 558.83
-349 300 -317 558.829
344 353 -263 558.672
-43 -468 -302 558.639
-369 -352 -227 558.206
530 55 -166 558.105
-170 523 95 558.081
376 216 351 557.883
-480 -119 -258 557.786
127 518 -163 557.693
407 322 203 557.263
451 57 322 557.076
165 466 256 556.702
250 130 -480 556.597
-304 -418 206 556.396
501 54 235 556.005
53 329 -445 555.945
-549 66 -57 555.883
-189 27 522 555.818
-329 -72 -442 555.688
-310 -201 415 555.631
-81 -463 -295 554.937
330 132 -426 554.797
83 489 -248 554.539
425 63 350 554.161
-534 108 100 553.913
-367 -413 38 553.807
-450 86 -311 553.73
-172 -426 309 553.661
331 -27 -443 553.66
451 320 -16 553.224
148 -529 62 552.801
284 -201 -429 552.357
295 -99 456 552.053
-315 -96 443 551.987
-106 -534 -91 551.972
317 382 -241 551.81
384 -176 -355 551.776
5 -530 -153 551.665
190 472 213 551.591
-28 205 -511 551.298
410 132 344 551.235
-44 -38 548 551.075
-529 62 141 550.968
309 -455 -17 550.268
416 205 295 549.642
-404 -325 182 549.513
275 117 -461 549.395
-114 -534 57 549
452 46 308 548.893
140 506 160 548.85
-419 256 245 548.746
530 -130 52 548.182
6 548 -6 548.066
446 28 -316 547.317
232 456 193 546.817
-342 291 311 546.229
193 -510 -31 546.178
334 228 -367 546.103
-481 228 122 546.103
34 -244 -487 545.766
494 -35 229 545.621
-158 -132 505 545.356
-106 -469 257 545.203
0 -262 478 545.094
-72 386 -378 545.036
395 257 -273 544.613
-321 -420 -131 544.612
-408 -356 56 544.367
-513 -157 -92 544.318
-104 525 -97 543.921
107 479 -234 543.733
-21 531 -115 543.716
-194 268 431 543.342
-360 -161 373 542.817
9 -484 -245 542.551
-303 446 56 542.089
40 373 391 541.858
-63 -505 -186 541.839
-15 -42 540 541.839
-124 526 29 541.196
-530 108 18 541.191
69 283 456 541.097
-327 -377 207 540.284
91 156 509 540.091
-418 -302 -159 539.638
-388 150 343 539.16
393 334 -157 539.123
-454 20 290 539.088
-484 -75 -225 538.986
320 -102 421 538.558
-409 -348 35 538.154
-505 143 -118 537.957
497 174 108 537.54
178 504 -57 537.54
-439 -276 141 537.381
446 -289 79 537.288
6 67 -533 537.228
254 -101 -462 536.806
-293 46 -447 536.446
-227 334 353 536.371
-267 96 -455 536.218
-500 192 25 536.18
80 -261 -461 535.763
263 -315 344 535.472
-434 -313 12 535.228
123 61 517 534.92
-341 409 46 534.489
-150 -512 -26 534.154
-474 -118 216 534.094
-68 529 -26 533.986
509 -2 -160 533.559
-191 287 407 533.384
81 -35 -526 533.35
-420 -287 160 533.263
-121 -120 -505 532.978
325 -420 -44 532.88
-13 -157 509 532.822
-386 366 -30 532.778
-142 356 -370 532.729
-85 388 -355 532.723
-481 -205 100 532.34
213 -437 216 531.972
281 -382 -241 531.945
-314 240 356 531.914
-301 350 264 531.787
-409 -111 321 531.642
-161 385 -329 531.401
315 -283 321 531.371
503 -125 115 530.904
513 -53 -126 530.899
-7 -84 524 530.736
192 387 308 530.563
504 -98 -133 530.386
380 305 -209 530.194
491 -68 188 530.141
-380 -19 369 530.021
160 329 383 529.651
36 486 207 529.472
-470 -100 -222 529.324
-29 -280 -448 529.098
230 114 -462 528.526
370 365 -93 527.991
-429 301 -63 527.836
-89 -125 505 527.798
377 -168 328 527.197
-381 348 -107 526.986
351 -242 309 526.542
-107 515 -2 526.002
402 227 -252 525.963
256 459 12 525.701
-290 -274 342 525.49
215 -435 -200 524.833
-429 -286 98 524.825
437 -69 -282 524.647
-304 357 -235 524.49
-246 -463 -13 524.456
-137 35 -505 524.423
-154 184 -466 524.145
441 -281 30 523.777
-248 354 295 523.302
380 -278 228 523.133
-366 -171 -332 522.897
-364 244 285 522.74
-44 -459 -246 522.621
362 255 277 522.301
-285 210 384 522.284
-3 -509 117 522.282
-286 -210 -382 521.364
222 -468 59 521.334
-166 202 -451 521.307
513 92 6 521.219
377 342 -109 520.552
-369 7 -367 520.48
160 405 285 520.432
-256 3 -453 520.34
-102 417 -294 520.316
-323 -223 -341 519.941
-486 45 -179 519.867
-389 324 118 519.828
-403 250 211 519.066
67 440 267 519.016
-307 -414 -58 518.661
-74 -136 -495 518.649
-274 -404 175 518.572
55 -214 -469 518.442
383 314 152 518.063
-338 106 378 518.039
434 277 57 518.01
3 -426 293 517.044
167 435 224 517.001
-333 276 281 515.777
-506 38 88 514.999
469 149 -151 514.746
254 -223 388 514.577
104 -136 -485 514.332
-93 -336 378 514.227
-21 -316 -405 514.123
45 248 -448 514.036
-513 -24 -6 513.596
-461 219 -57 513.547
251 -155 420 513.25
-69 508 -17 512.946
-284 204 -375 512.735
-167 -320 364 512.626
388 -256 -216 512.578
-171 -479 -62 512.373
-92 256 434 512.207
-345 247 286 511.693
510 23 31 511.459
407 235 200 510.758
-69 133 -488 510.484
-257 440 -29 510.382
370 -348 -49 510.299
-399 244 -204 510.248
-169 -398 270 509.77
441 -225 -121 509.654
476 180 -27 509.613
-127 491 -48 509.425
132 -453 192 509.408
-130 -392 -298 509.282
-204 436 -165 508.859
339 -307 223 508.821
350 -336 -153 508.729
392 45 321 508.655
244 -119 430 508.524
-354 153 -330 507.568
-271 -27 -428 507.301
336 374 66 507.078
-467 -186 63 506.61
-425 -242 132 506.57
-345 -343 -141 506.513
172 211 427 506.393
259 414 -134 506.392
414 10 -291 506.139
-70 299 401 505.076
-261 -376 -213 504.843
75 -230 443 504.751
46 481 145 504.482
-137 -79 -479 504.431
-473 125 122 504.22
-270 351 -241 504.165
202 26 -461 503.985
-18 -497 -78 503.405
27 193 464 503.263
331 -370 80 502.853
197 -262 381 502.607
-454 -111 183 501.922
-450 -96 200 501.713
-108 -304 383 500.768
113 248 -125 299.83
230 -182 55 298.411
44 183 230 297.195
-233 -60 173 296.341
-105 -234 147 295.618
-4 293 -25 294.092
274 -71 78 293.6
279 73 54 293.404
97 266 -76 293.157
260 121 58 292.583
239 117 119 291.498
101 -253 -101 290.536
165 -236 -31 289.624
227 102 148 289.546
131 -201 162 289.493
-223 150 -106 288.903
-208 16 -197 286.93
-19 -276 75 286.639
237 155 -38 285.724
-270 -44 80 285.019
-49 -223 170 284.658
-260 -87 73 283.722
185 145 157 282.664
-187 113 178 281.819
-116 -153 -206 281.604
-6 -200 -198 281.496
274 -61 -11 280.923
-235 -6 145 276.199
138 132 197 274.367
118 -169 181 274.31
-265 2 -67 273.346
56 92 251 273.132
-79 -253 62 272.202
-241 22 -114 267.509
204 117 -126 266.798
40 -70 -254 266.488
-244 101 29 265.665
-15 256 68 265.302
203 87 -145 264.203
-115 -171 162 262.126
-158 -128 165 261.864
-208 150 -49 261.084
-182 -177 -60 260.87
139 -210 -67 260.595
-111 -208 -110 260.163
131 -109 196 259.727
-134 -178 133 259.478
-227 111 53 258.184
91 -178 163 257.942
41 -65 -246 257.725
146 -199 -74 257.668
82 -243 22 257.404
-230 108 38 256.92
120 146 173 256.213
-84 71 230 254.945
215 -61 -122 254.617
58 236 66 251.825
-158 191 -40 251.088
-5 -211 -136 251.082
