0.01
0.010396
0.00985075
0.00960133
0.00942643
0.00944112
0.00946755
0.00945792
0.00956305
0.00956715
0.00971029
0.00980926
0.00989176
0.00978478
0.00970021
0.00976682
0.00971893
0.00971781
0.00977235
0.00976328
0.00983508
0.00987625
0.00984553
0.00980878
0.00980008
0.00987205
0.00983852
0.00982969
0.0098322
0.00984833
0.00984005
0.00983554
0.00981881
0.00985156
0.00986181
0.00987432
0.00978895
0.00975412
0.0097527
0.0097616
0.00977256
0.00981712
0.00983099
0.0098419
0.00982958
0.0098267
0.00984134
0.00981706
0.00982504
0.00983473
0.00983603
0.00981768
0.00981734
0.00980758
0.0098204
0.00986366
0.00984467
0.00982985
0.00984658
0.00982884
0.00981003
0.00980331
0.00980003
0.00979368
0.00977504
0.0097708
0.00977731
0.00979406
0.00982208
0.00983626
0.00984717
0.00984228
0.00985696
0.00984386
0.00983921
0.00986002
0.00987107
0.00986365
0.00988463
0.00988736
0.00988751
0.00988026
0.00986831
0.00988435
0.00988335
0.00988354
0.00989536
0.00988507
0.00987274
0.00986181
0.00986446
0.00986705
0.00984676
0.00984303
0.00983512
0.00984002
0.00984793
0.00984435
0.00983981
0.0098384
0.00984402
0.00985249
0.00985688
0.00984953
0.00985194
0.00984954
0.00985473
0.00985328
0.00986853
0.00987157
0.00985729
0.00987479
0.00987948
0.00988939
0.00987545
0.00986697
0.00986725
0.00986411
0.00985849
0.00985631
0.00985001
0.00984381
0.00984919
0.00983904
0.00985727
0.00985841
0.00985319
0.00985277
0.00986017
0.0098659
0.00985924
0.00987177
0.00986668
0.00987595
0.00988732
0.00988519
0.00989265
0.00988906
0.00989638
0.0098885
0.00988572
0.00990355
0.00991127
0.00991959
0.00992639
0.00992828
0.00993494
0.0099449
0.00993649
0.0099349
0.00993267
0.00993643
0.00993685
0.00993399
0.00993182
0.00992646
0.00991219
0.00991211
0.00989494
0.00988994
0.00987813
0.00988572
0.00987655
0.00987179
0.00987989
0.00988061
0.00989398
0.0099006
0.00989108
0.00988166
0.00987354
0.00988539
0.00988838
0.00989191
0.00988736
0.00988229
0.00988467
0.00988362
0.00988034
0.00987878
0.00988112
0.0098884
0.00988792
0.00988962
0.00988425
0.00988001
0.00989624
0.00989519
0.00989575
0.0098926
0.00989632
0.00989791
0.00991042
0.00991244
0.00991341
0.00991077
0.00991123
0.00992031
0.00991667
0.00991357
0.0099155
