0.09
0.107723
0.108259
0.109169
0.107606
0.107066
0.107238
0.107019
0.107503
0.107214
0.107093
0.107275
0.107677
0.107971
0.108173
0.107961
0.107908
0.107848
0.10784
0.107906
0.108156
0.108253
0.108328
0.108331
0.108451
0.108701
0.108708
0.108682
0.108743
0.108707
0.108827
0.108746
0.10886
0.108931
0.108756
0.108875
0.108678
0.10876
0.108811
0.108711
0.108623
0.108544
0.108562
0.108584
0.1086
0.108623
0.108633
0.108683
0.108827
0.108708
0.108662
0.108675
0.10857
0.108663
0.108715
0.108802
0.108759
0.108714
0.108662
0.108602
0.10851
0.108485
0.108444
0.108446
0.10838
0.108319
0.108291
0.108303
0.108341
0.108345
0.10835
0.108347
0.108414
0.108411
0.108339
0.108387
0.108371
0.108464
0.108457
0.108422
0.10836
0.108453
0.108466
0.108529
0.108532
0.10855
0.108623
0.108591
0.1086
0.10858
0.108527
0.108544
0.108565
0.108579
0.108587
0.108628
0.108614
0.108568
0.108615
0.108595
0.108619
0.108591
0.10862
0.108604
0.108572
0.108561
0.108611
0.108579
0.108579
0.108593
0.10857
0.108586
0.108593
0.108641
0.108638
0.108601
0.108628
0.108621
0.108636
0.108645
0.108668
0.108675
0.108758
0.108755
0.10879
0.108842
0.108877
0.108884
0.108874
0.10885
0.108839
0.108859
0.108811
0.108829
0.108791
0.108815
0.10886
0.108875
0.108905
0.108884
0.108894
0.108888
0.108914
0.108894
0.10888
0.108888
0.108873
0.108884
0.108887
0.108857
0.108891
0.108901
0.10894
0.108957
0.108937
0.108972
0.10894
0.108958
0.108934
0.108904
0.108909
0.108915
0.10892
0.108904
0.108889
0.1089
0.108955
0.108974
0.108967
0.108936
0.108859
0.108867
0.108841
0.108847
0.10884
0.108863
0.108867
0.108878
0.108826
0.108818
0.108805
0.108802
0.108785
0.108776
0.108786
0.108809
0.10884
0.10883
0.108833
0.108825
0.108861
0.108861
0.108866
0.108862
0.10888
0.108888
0.108902
0.108901
0.108898
0.10888
0.108876
