0.000000
0.097804
0.095904
0.094604
0.100450
0.100760
0.106631
0.107112
0.108723
0.111531
0.110778
0.108708
0.106649
0.108291
0.109270
0.109585
0.109736
0.109399
0.108210
0.107778
0.107889
0.108275
0.107717
0.107382
0.107574
0.107351
0.106761
0.107029
0.106707
0.106682
0.106060
0.106638
0.106493
0.106297
0.106406
0.107194
0.108161
0.108102
0.107310
0.107789
0.108195
0.108044
0.107709
0.107576
0.107768
0.107773
0.107821
0.107442
0.107704
0.108077
0.107956
0.107996
0.108111
0.108147
0.108440
0.109087
0.109246
0.109365
0.109134
0.109183
0.109130
0.109111
0.109126
0.108790
0.108434
0.108274
0.108057
0.107997
0.108232
0.108142
0.107997
0.108025
0.108608
0.108518
0.108646
0.108557
0.108576
0.108023
0.107972
0.107744
0.107697
0.107380
0.107217
0.106817
0.106878
0.106821
0.106649
0.106664
0.106793
0.106829
0.106975
0.106855
0.107019
0.107159
0.107189
0.107114
0.106977
0.106761
0.106753
0.106745
0.106978
0.106948
0.106763
0.106988
0.106709
0.106855
0.106923
0.106970
0.106924
0.107007
0.107089
0.107151
0.107123
0.107131
0.107156
0.107337
0.107377
0.107434
0.107320
0.107242
0.107215
0.107271
0.107195
0.107299
0.107289
0.107326
0.107189
0.107148
0.107123
0.106991
0.106891
0.106823
0.106953
0.107036
0.107163
0.107154
0.107204
0.107093
0.107042
0.106948
0.106984
0.107048
0.107041
0.107005
0.107110
0.107323
0.107423
0.107522
0.107485
0.107475
0.107439
0.107509
0.107525
0.107437
0.107479
0.107599
0.107588
0.107693
0.107745
0.107709
0.107536
0.107638
0.107702
0.107827
0.107865
0.107853
0.107758
0.107663
0.107558
0.107549
0.107646
0.107671
0.107638
0.107687
0.107539
0.107450
0.107431
0.107310
0.107336
0.107261
0.107177
0.107303
0.107274
0.107256
0.107347
0.107393
0.107397
0.107272
0.107148
0.107152
0.107125
0.107214
0.107218
0.107263
0.107205
0.107148
0.107162
0.107217
0.107211
0.107175
