0.000000
0.093812
0.090909
0.095936
0.094953
0.093962
0.095635
0.091688
0.095476
0.095979
0.095981
0.096891
0.095817
0.095370
0.094986
0.094254
0.094488
0.095518
0.095212
0.095779
0.094191
0.094372
0.094173
0.094861
0.094909
0.095752
0.095685
0.095697
0.095922
0.096062
0.095660
0.095800
0.095494
0.095449
0.095700
0.096166
0.096661
0.096481
0.096100
0.096610
0.096695
0.096873
0.096948
0.097205
0.097450
0.097373
0.097300
0.097187
0.097288
0.096812
0.096876
0.096937
0.097342
0.097430
0.097367
0.097524
0.097889
0.098347
0.098204
0.098200
0.097897
0.097800
0.097642
0.097711
0.097434
0.097197
0.097452
0.097340
0.097468
0.097331
0.096912
0.096645
0.096970
0.096847
0.096565
0.096531
0.096392
0.096673
0.096818
0.096808
0.096773
0.096763
0.096754
0.096889
0.097021
0.097104
0.097230
0.097170
0.097202
0.096964
0.097087
0.097075
0.096976
0.096794
0.096892
0.096840
0.096790
0.096802
0.096835
0.096927
0.097258
0.097345
0.097410
0.097493
0.097440
0.097446
0.097659
0.097606
0.097498
0.097686
0.097853
0.097746
0.097695
0.097697
0.097560
0.097633
0.097809
0.097913
0.097964
0.097914
0.097798
0.097734
0.097605
0.097511
0.097756
0.097774
0.097617
0.097762
0.097858
0.097797
0.097614
0.097754
0.097847
0.097758
0.097760
0.097539
0.097734
0.097707
0.097564
0.097553
0.097413
0.097488
0.097534
0.097453
0.097554
0.097723
0.097821
0.097808
0.097850
0.097650
0.097625
0.097734
0.097801
0.097790
0.097739
0.097650
0.097665
0.097617
0.097720
0.097735
0.097599
0.097639
0.097690
0.097717
0.097645
0.097672
0.097517
0.097352
0.097332
0.097182
0.097258
0.097262
0.097324
0.097363
0.097286
0.097165
0.097158
0.097197
0.097190
0.097172
0.097188
0.097214
0.097274
0.097278
0.097292
0.097394
0.097494
0.097603
0.097435
0.097470
0.097452
0.097329
0.097259
0.097336
0.097350
0.097312
0.097519
0.097573
0.097575
0.097577
